
     
---- 
#### 
   1 
  10 
 100 
1000 
1001 
1002 
1003 
1004 
1005 
1006 
1007 
1008 
1009 
 101 
1010 
1011 
1012 
1014 
1015 
1016 
1017 
1018 
1019 
 102 
1020 
1021 
1022 
1023 
1024 
1025 
1026 
1027 
1028 
1029 
 103 
1030 
1031 
1033 
1034 
1035 
1036 
1037 
1038 
1039 
 104 
1040 
1041 
1042 
1043 
1044 
1045 
1046 
1047 
1048 
1049 
 105 
1050 
1051 
1052 
1053 
1054 
1055 
1056 
1057 
1058 
1059 
 106 
1060 
1061 
1062 
1063 
1064 
1065 
1066 
1067 
1068 
1069 
 107 
1070 
1071 
1072 
1073 
1074 
1075 
1076 
1077 
1078 
1079 
 108 
1080 
1081 
1082 
1083 
1084 
1085 
1086 
1087 
1088 
1089 
 109 
1090 
1091 
1092 
1093 
1094 
1095 
1096 
1097 
1098 
1099 
  11 
 110 
1100 
1101 
1102 
1103 
1104 
1105 
1106 
1107 
1108 
1109 
 111 
1110 
1111 
1112 
1113 
1114 
1115 
1116 
1117 
1118 
1119 
 112 
1120 
1121 
1122 
1123 
1124 
1125 
1126 
1127 
1129 
 113 
1130 
1131 
1132 
1133 
1134 
1135 
1136 
1137 
1138 
1139 
 114 
1140 
1141 
1142 
1143 
1144 
1145 
1146 
1147 
1148 
1149 
 115 
1150 
1151 
1152 
1153 
1154 
1155 
1156 
1157 
1158 
1159 
 116 
1160 
1161 
1162 
1163 
1164 
1165 
1166 
1167 
1168 
1169 
 117 
1170 
1171 
1172 
1173 
1174 
1175 
1176 
1177 
1178 
1179 
 118 
1180 
1181 
1182 
1183 
1184 
1185 
1186 
1187 
1188 
1189 
 119 
1190 
1191 
1192 
1193 
1194 
1195 
1196 
1197 
1198 
1199 
  12 
 120 
1200 
1201 
1202 
1203 
1204 
1205 
1206 
1207 
1208 
1209 
 121 
1210 
1211 
1213 
1214 
1215 
1216 
1217 
1218 
1219 
 122 
1220 
1222 
1223 
1224 
1225 
1226 
1227 
1228 
1229 
 123 
1230 
1231 
1232 
1233 
1234 
1235 
1236 
1238 
1239 
 124 
1240 
1241 
1242 
1243 
1244 
1245 
1246 
1247 
1248 
1249 
 125 
1250 
1251 
1252 
1253 
1254 
1255 
1256 
1257 
1258 
1259 
 126 
1260 
1261 
1262 
1263 
1264 
1265 
1266 
1267 
1268 
1269 
 127 
1270 
1271 
1272 
1273 
1274 
1275 
1276 
1277 
1278 
1279 
 128 
1280 
1281 
1282 
1283 
1284 
1285 
1286 
1287 
1288 
1289 
 129 
1290 
1291 
1292 
1293 
1294 
1295 
1296 
1297 
1298 
1299 
  13 
 130 
1300 
1301 
1302 
1303 
1304 
1305 
1306 
1307 
1308 
1309 
 131 
1310 
1311 
1312 
1313 
1315 
1316 
1318 
1319 
 132 
1320 
1321 
1322 
1323 
1324 
1325 
1326 
1327 
1328 
1329 
 133 
1330 
1331 
1332 
1333 
1334 
1335 
1336 
1337 
1338 
1339 
 134 
1340 
1341 
1342 
1343 
1344 
1346 
1347 
1348 
1349 
 135 
1351 
1352 
1353 
1354 
1355 
1356 
1357 
1358 
1359 
 136 
1360 
1361 
1362 
1363 
1364 
1366 
1367 
1368 
1369 
 137 
1370 
1371 
1372 
1373 
1374 
1375 
1376 
1377 
1378 
1379 
 138 
1380 
1381 
1382 
1383 
1384 
1385 
1386 
1387 
1388 
1389 
 139 
1390 
1391 
1392 
1393 
1394 
1395 
1396 
1397 
1398 
1399 
  14 
 140 
1400 
1401 
1402 
1403 
1405 
1406 
1408 
1409 
 141 
1410 
1411 
1412 
1413 
1414 
1415 
1416 
1417 
1418 
1419 
 142 
1420 
1421 
1422 
1423 
1424 
1425 
1426 
1427 
1428 
 143 
1430 
1431 
1432 
1433 
1434 
1435 
1437 
1438 
1439 
 144 
1440 
1441 
1442 
1443 
1444 
1445 
1446 
1447 
1448 
 145 
1450 
1452 
1453 
1454 
1456 
1457 
1458 
1459 
 146 
1460 
1461 
1462 
1463 
1464 
1465 
1466 
1467 
1468 
 147 
1470 
1471 
1472 
1473 
1474 
1475 
1476 
1477 
1478 
1479 
 148 
1480 
1481 
1483 
1484 
1485 
1486 
1488 
1489 
 149 
1491 
1492 
1493 
1494 
1495 
1496 
1497 
1498 
1499 
  15 
 150 
1500 
1501 
1502 
1504 
1505 
1506 
1507 
1509 
 151 
1510 
1511 
1512 
1513 
1514 
1515 
1517 
1518 
1519 
 152 
1520 
1521 
1523 
1524 
1525 
1526 
1527 
1528 
1529 
 153 
1530 
1531 
1532 
1533 
1534 
1535 
1536 
1538 
1539 
 154 
1540 
1541 
1542 
1543 
1544 
1545 
1546 
1547 
1548 
1549 
 155 
1550 
1551 
1552 
1553 
1555 
1556 
1558 
1559 
 156 
1561 
1562 
1564 
1565 
1566 
1567 
1569 
 157 
1570 
1571 
1572 
1573 
1574 
1575 
1576 
1577 
1578 
1579 
 158 
1580 
1581 
1582 
1583 
1584 
1586 
1587 
1588 
1589 
 159 
1591 
1593 
1595 
1596 
1597 
1598 
1599 
  16 
 160 
1600 
1601 
1602 
1603 
1604 
1605 
1606 
1607 
1608 
1609 
 161 
1610 
1611 
1612 
1614 
1616 
1617 
1618 
1619 
 162 
1620 
1621 
1623 
1624 
1625 
1626 
1627 
1628 
1629 
 163 
1630 
1631 
1633 
1634 
1635 
1636 
1637 
1638 
1639 
 164 
1640 
1641 
1642 
1643 
1644 
1645 
1647 
1648 
 165 
1650 
1651 
1654 
1656 
1657 
1658 
1659 
 166 
1660 
1661 
1662 
1663 
1664 
1665 
1666 
1668 
1669 
 167 
1670 
1671 
1672 
1674 
1675 
1676 
1677 
1678 
1679 
 168 
1680 
1682 
1683 
1685 
1686 
1687 
1688 
1689 
 169 
1690 
1692 
1693 
1694 
1696 
1697 
1698 
1699 
  17 
 170 
1700 
1701 
1702 
1704 
1705 
1706 
1707 
1708 
 171 
1710 
1711 
1713 
1714 
1715 
1716 
1717 
1718 
1719 
 172 
1720 
1722 
1724 
1725 
1726 
1727 
1728 
1729 
 173 
1730 
1731 
1732 
1733 
1735 
1736 
1737 
1738 
1739 
 174 
1740 
1742 
1743 
1744 
1745 
1747 
1748 
1749 
 175 
1750 
1751 
1753 
1754 
1755 
1759 
 176 
1761 
1762 
1765 
1766 
1768 
1769 
 177 
1770 
1771 
1773 
1774 
1775 
1776 
1777 
1779 
 178 
1780 
1782 
1783 
1784 
1785 
1787 
1788 
 179 
1790 
1792 
1793 
1794 
1795 
1797 
1798 
1799 
  18 
 180 
1802 
1803 
1804 
1805 
1806 
1808 
1809 
 181 
1810 
1811 
1812 
1814 
1815 
1816 
1817 
 182 
1820 
1821 
1822 
1823 
1824 
1825 
1826 
1827 
1829 
 183 
1830 
1831 
1832 
1833 
1835 
1836 
1837 
1839 
 184 
1840 
1841 
1843 
1844 
1845 
1847 
1848 
1849 
 185 
1850 
1851 
1853 
1854 
1856 
1857 
1859 
 186 
1860 
1862 
1863 
1864 
1865 
1866 
1867 
1868 
 187 
1870 
1872 
1873 
1875 
1876 
1878 
1879 
 188 
1880 
1881 
1882 
1883 
1884 
1886 
1887 
1889 
 189 
1891 
1892 
1893 
1894 
1895 
1897 
1898 
1899 
  19 
 190 
1900 
1901 
1902 
1903 
1904 
1905 
1906 
1907 
1908 
1909 
 191 
1910 
1911 
1912 
1913 
1914 
1915 
1916 
 192 
1920 
1922 
1924 
1925 
1926 
1927 
1928 
1929 
 193 
1930 
1931 
1936 
1937 
1938 
1939 
 194 
1940 
1941 
1942 
1943 
1944 
1945 
1946 
1947 
1949 
 195 
1951 
1952 
1954 
1956 
1959 
 196 
1961 
1962 
1963 
1966 
1967 
1968 
 197 
1970 
1971 
1973 
1974 
1975 
1976 
1977 
1978 
 198 
1980 
1981 
1982 
1984 
1985 
1986 
1987 
1988 
1989 
 199 
1990 
1992 
1993 
1994 
1997 
1999 
   2 
  20 
 200 
2000 
2001 
2002 
2003 
2004 
2009 
 201 
2010 
2013 
2014 
2015 
2016 
 202 
2020 
2022 
2023 
2026 
2027 
2028 
2029 
 203 
2030 
2032 
2033 
2034 
2035 
2037 
2039 
 204 
2042 
2043 
2045 
2047 
2048 
2049 
 205 
2050 
2051 
2054 
2056 
2057 
2058 
2059 
 206 
2060 
2061 
2063 
2064 
2065 
2066 
2067 
2068 
2069 
 207 
2070 
2071 
2072 
2073 
2075 
2076 
2078 
 208 
2080 
2081 
2084 
2085 
2086 
 209 
2092 
2093 
2094 
2096 
2097 
2098 
  21 
 210 
2100 
2103 
2105 
2107 
2108 
2109 
 211 
2110 
2111 
2113 
2115 
2116 
 212 
2120 
2121 
2122 
2123 
2125 
2126 
2128 
 213 
2131 
2132 
2135 
2136 
2137 
2138 
2139 
 214 
2140 
2141 
2142 
2143 
2144 
2145 
2146 
2147 
2149 
 215 
2151 
2152 
2154 
2155 
2157 
2158 
 216 
2160 
2161 
2162 
2163 
2165 
2166 
2167 
2169 
 217 
2170 
2172 
2173 
2175 
2176 
2178 
2179 
 218 
2181 
2183 
2184 
2188 
2189 
 219 
2190 
2191 
2192 
2193 
2194 
2195 
2196 
2199 
  22 
 220 
2201 
2205 
2207 
2208 
2209 
 221 
2210 
2211 
2215 
2216 
 222 
2222 
2225 
 223 
2230 
2231 
2232 
2233 
2234 
2239 
 224 
2241 
2243 
2247 
2248 
2249 
 225 
2250 
2251 
2252 
2253 
2254 
2256 
2257 
2258 
 226 
2260 
2261 
2264 
2265 
2266 
2267 
2268 
 227 
2270 
2271 
2273 
2275 
2276 
2279 
 228 
2282 
2283 
2285 
2286 
2288 
2289 
 229 
2291 
2292 
2295 
2299 
  23 
 230 
2300 
2302 
2303 
2305 
2308 
 231 
2310 
2311 
2312 
2314 
2319 
 232 
2320 
2321 
2322 
2323 
2325 
2326 
2328 
 233 
2330 
2331 
2332 
2335 
2336 
2337 
 234 
2340 
2342 
2346 
2349 
 235 
2352 
2353 
2354 
2355 
2356 
2357 
 236 
2360 
2361 
2364 
2365 
2366 
2368 
 237 
2371 
2372 
2373 
2375 
2377 
2378 
2379 
 238 
2384 
2385 
2387 
2388 
2389 
 239 
2390 
2391 
2392 
2393 
2396 
2397 
2399 
  24 
 240 
2400 
2402 
2407 
2409 
 241 
2411 
2412 
2414 
2415 
 242 
2420 
2422 
2423 
2424 
2427 
2429 
 243 
2430 
2432 
2433 
2437 
2438 
 244 
2443 
2445 
2447 
2448 
 245 
2450 
2452 
2454 
2455 
2456 
 246 
2461 
2463 
2469 
 247 
2470 
2472 
2473 
2474 
2475 
 248 
2482 
2485 
2486 
2487 
 249 
2492 
2494 
2495 
2497 
2498 
  25 
 250 
2500 
2502 
2503 
2507 
2508 
2509 
 251 
2510 
2512 
2517 
2519 
 252 
2520 
2524 
2529 
 253 
2531 
2535 
2536 
2537 
2538 
2539 
 254 
2543 
2545 
2546 
2547 
2548 
 255 
2552 
2553 
2558 
 256 
2565 
2566 
 257 
2570 
2571 
2575 
2577 
 258 
2585 
2587 
2589 
 259 
2593 
2597 
2599 
  26 
 260 
2601 
2602 
2603 
2605 
2608 
 261 
2610 
2612 
2614 
2617 
 262 
2629 
 263 
2637 
 264 
2643 
2644 
2645 
2646 
 265 
2650 
2653 
2656 
2659 
 266 
2661 
2665 
2669 
 267 
2670 
2671 
2677 
2678 
 268 
2682 
2687 
 269 
2695 
2698 
  27 
 270 
2701 
2703 
2705 
2709 
 271 
2712 
2713 
 272 
2721 
2723 
2725 
2728 
 273 
2730 
2732 
2735 
2736 
 274 
2742 
2744 
2745 
 275 
2752 
2753 
2754 
2756 
2757 
2759 
 276 
2762 
2763 
2768 
 277 
2774 
2775 
2777 
 278 
2782 
2786 
 279 
2790 
2793 
2795 
  28 
 280 
2801 
2802 
2803 
2804 
2806 
2807 
2808 
 281 
2810 
2811 
2813 
2814 
2817 
2818 
2819 
 282 
2821 
2825 
2826 
2828 
2829 
 283 
2830 
2834 
2838 
2839 
 284 
2840 
2841 
2849 
 285 
2852 
2859 
 286 
2861 
2864 
2865 
2866 
2868 
 287 
2870 
2871 
2874 
2877 
2879 
 288 
2884 
2886 
 289 
2891 
2896 
2899 
  29 
 290 
2904 
2905 
2906 
2909 
 291 
2915 
2916 
2918 
2919 
 292 
2920 
2925 
 293 
2934 
2935 
2938 
 294 
2940 
2945 
 295 
2951 
2954 
2958 
2959 
 296 
2965 
2968 
 297 
2972 
2974 
2977 
 298 
2980 
2982 
2987 
2989 
 299 
2991 
2992 
2998 
   3 
  30 
 300 
3004 
3009 
 301 
3011 
3014 
3015 
3016 
 302 
3025 
 303 
3033 
3034 
3035 
 304 
3040 
3045 
3049 
 305 
3052 
3055 
3056 
3057 
3058 
 306 
3068 
 307 
3073 
3075 
3076 
 308 
3080 
3084 
3088 
3089 
 309 
3090 
3097 
3098 
  31 
 310 
3105 
3106 
3107 
3109 
 311 
3113 
3115 
 312 
3120 
3129 
 313 
3130 
3136 
3137 
3139 
 314 
3140 
3141 
3144 
3145 
3148 
 315 
3151 
3152 
3153 
3155 
3157 
 316 
3163 
 317 
3171 
3174 
3177 
 318 
3184 
3185 
3187 
3189 
 319 
3193 
3196 
3199 
  32 
 320 
3202 
3203 
3204 
3206 
3209 
 321 
3211 
3213 
3218 
3219 
 322 
3222 
3224 
3228 
 323 
3236 
 324 
3242 
3248 
 325 
3252 
 326 
3263 
3267 
 327 
3272 
3274 
 328 
3287 
3288 
 329 
3290 
3292 
  33 
 330 
3300 
3307 
3308 
 331 
3312 
3315 
3319 
 332 
3321 
3324 
3326 
3327 
 333 
3333 
3334 
3336 
 334 
3341 
3342 
3345 
3348 
 335 
3351 
3354 
3355 
 336 
3366 
3367 
3368 
 337 
3370 
 338 
3384 
3388 
 339 
3398 
3399 
  34 
 340 
3400 
3404 
3405 
 341 
3413 
3414 
 342 
3428 
 343 
3435 
 344 
3441 
3446 
3447 
3449 
 345 
3452 
3458 
 346 
 347 
3471 
 348 
3482 
 349 
3491 
3497 
  35 
 350 
 351 
3513 
3516 
3518 
 352 
3521 
3523 
3525 
 353 
3531 
3536 
3537 
3538 
 354 
3540 
3544 
3546 
 355 
3550 
3551 
3553 
3557 
 356 
3562 
3566 
 357 
3570 
3572 
3574 
 358 
3589 
 359 
3591 
3596 
3597 
  36 
 360 
3604 
3606 
 361 
3610 
3612 
3616 
 362 
3624 
3629 
 363 
3635 
3636 
 364 
3644 
3649 
 365 
3655 
3658 
 366 
3662 
3663 
3667 
 367 
3677 
 368 
3683 
 369 
3690 
3694 
3697 
  37 
 370 
3701 
 371 
3719 
 372 
3721 
3723 
3726 
3728 
 373 
3731 
3733 
 374 
3741 
3748 
3749 
 375 
3751 
3759 
 376 
3765 
3769 
 377 
3778 
 378 
3781 
3787 
 379 
3790 
3793 
3796 
3798 
  38 
 380 
3808 
 381 
3811 
 382 
3821 
3828 
 383 
3831 
3836 
3839 
 384 
 385 
3852 
3853 
3854 
 386 
3864 
 387 
3873 
3875 
 388 
 389 
3890 
  39 
 390 
3902 
3906 
3908 
 391 
3911 
3914 
3917 
 392 
3920 
 393 
3930 
 394 
3940 
3943 
3947 
3948 
 395 
3950 
3954 
 396 
3963 
 397 
3974 
 398 
3985 
3988 
3989 
 399 
3995 
   4 
  40 
 400 
 401 
4017 
 402 
4021 
4024 
4026 
 403 
4034 
 404 
4044 
4048 
 405 
4057 
 406 
4066 
4067 
 407 
4078 
 408 
4081 
4086 
 409 
4096 
4098 
  41 
 410 
4101 
4106 
4108 
 411 
4111 
4118 
4119 
 412 
4126 
4128 
 413 
4139 
 414 
4140 
4144 
4146 
4147 
 415 
4152 
 416 
 417 
4170 
 418 
4180 
4183 
4186 
4187 
 419 
4190 
4191 
4194 
4197 
  42 
 420 
4200 
 421 
4215 
4217 
4218 
 422 
4228 
 423 
 424 
4240 
4245 
 425 
4252 
4254 
 426 
4261 
 427 
4273 
 428 
 429 
  43 
 430 
4305 
4309 
 431 
4317 
 432 
4325 
 433 
4333 
4338 
 434 
 435 
4356 
 436 
4361 
4366 
4369 
 437 
4371 
4372 
4374 
 438 
4389 
 439 
4399 
  44 
 440 
4404 
4406 
4408 
 441 
4410 
 442 
 443 
 444 
4449 
 445 
4454 
4455 
 446 
4460 
4464 
4467 
 447 
4471 
4475 
4478 
 448 
4481 
4482 
4488 
 449 
4495 
  45 
 450 
4503 
 451 
4510 
4518 
 452 
 453 
4530 
4537 
 454 
4540 
4549 
 455 
4552 
4556 
 456 
 457 
 458 
4589 
 459 
4596 
  46 
 460 
4607 
 461 
4617 
 462 
4625 
 463 
 464 
4641 
 465 
 466 
4661 
4665 
 467 
 468 
4682 
4685 
 469 
4692 
4695 
4698 
  47 
 470 
4705 
 471 
 472 
4721 
 473 
4732 
 474 
4742 
4746 
4748 
 475 
4755 
 476 
4766 
 477 
 478 
4782 
4787 
4788 
 479 
4792 
4794 
4797 
  48 
 480 
4801 
 481 
4813 
 482 
4825 
 483 
4833 
 484 
4842 
 485 
4854 
 486 
4861 
 487 
 488 
4883 
4888 
 489 
4892 
4893 
4894 
  49 
 490 
 491 
4914 
 492 
 493 
4939 
 494 
4940 
4948 
 495 
4953 
4959 
 496 
4960 
4965 
 497 
4978 
4979 
 498 
 499 
   5 
  50 
 500 
5006 
5009 
 501 
5018 
 502 
5027 
 503 
5038 
 504 
5044 
5047 
 505 
5055 
 506 
 507 
 508 
5081 
 509 
5092 
  51 
 510 
 511 
5114 
5117 
 512 
5120 
 513 
5131 
 514 
5142 
5148 
 515 
5155 
 516 
5167 
 517 
 518 
5180 
5182 
5185 
 519 
5198 
  52 
 520 
 521 
5210 
5216 
 522 
 523 
5234 
 524 
5242 
5246 
5248 
 525 
5254 
5259 
 526 
5265 
5266 
 527 
5278 
 528 
5287 
 529 
5295 
  53 
 530 
 531 
 532 
5326 
 533 
 534 
5342 
5343 
 535 
 536 
5360 
 537 
 538 
5381 
 539 
  54 
 540 
 541 
 542 
5428 
5429 
 543 
5439 
 544 
5446 
 545 
 546 
 547 
5472 
 548 
 549 
  55 
 550 
 551 
5517 
5518 
 552 
5527 
 553 
5534 
 554 
5546 
5548 
5549 
 555 
 556 
 557 
5573 
5575 
 558 
5582 
 559 
5596 
  56 
 560 
5603 
 561 
5616 
 562 
5623 
 563 
5632 
 564 
5645 
5647 
 565 
5653 
 566 
5669 
 567 
5679 
 568 
 569 
5698 
  57 
 570 
 571 
 572 
 573 
5734 
 574 
5742 
 575 
5757 
 576 
5762 
 577 
5778 
 578 
5780 
5789 
 579 
5797 
  58 
 580 
 581 
 582 
 583 
 584 
5841 
5849 
 585 
 586 
5862 
 587 
 588 
5883 
 589 
5894 
  59 
 590 
5905 
5906 
 591 
 592 
 593 
 594 
5941 
 595 
5950 
 596 
5966 
 597 
 598 
5983 
 599 
5991 
5993 
   6 
  60 
 600 
6006 
 601 
6016 
 602 
6023 
6029 
 603 
6038 
 604 
6045 
6048 
 605 
 606 
 607 
 608 
6085 
 609 
6095 
  61 
 610 
6100 
6106 
 611 
 612 
 613 
6137 
6139 
 614 
6144 
 615 
 616 
 617 
6176 
6178 
 618 
 619 
  62 
 620 
 621 
 622 
6228 
 623 
6236 
 624 
 625 
6256 
 626 
6260 
6266 
 627 
6277 
 628 
6280 
 629 
6293 
  63 
 630 
 631 
 632 
 633 
 634 
 635 
6350 
 636 
 637 
 638 
 639 
  64 
 640 
 641 
 642 
 643 
6433 
6436 
 644 
6449 
 645 
6459 
 646 
6462 
 647 
 648 
 649 
  65 
 650 
 651 
6512 
 652 
 653 
 654 
6540 
 655 
6552 
6557 
 656 
 657 
6577 
 658 
6580 
6589 
 659 
  66 
 660 
 661 
 662 
 663 
6635 
 664 
 665 
 666 
6667 
 667 
 668 
 669 
  67 
 670 
 671 
 672 
 673 
6731 
 674 
 675 
 676 
6767 
 677 
 678 
 679 
  68 
 680 
6808 
 681 
6813 
 682 
 683 
6833 
 684 
 685 
 686 
 687 
 688 
 689 
  69 
 690 
 691 
6916 
 692 
 693 
 694 
6940 
 695 
 696 
6964 
 697 
 698 
 699 
6996 
   7 
  70 
 700 
 701 
7013 
 702 
 703 
 704 
 705 
 706 
7061 
 707 
 708 
 709 
  71 
 710 
 711 
7111 
 712 
 713 
 714 
 715 
 716 
 717 
 718 
7182 
 719 
  72 
 720 
 721 
 722 
7221 
 723 
 724 
 725 
 726 
 727 
7278 
 728 
 729 
  73 
 730 
7301 
 731 
7315 
7316 
 732 
 733 
 734 
7346 
 735 
7356 
7357 
 736 
 737 
 738 
7388 
 739 
7396 
  74 
 740 
7402 
 741 
 742 
 743 
 744 
 745 
 746 
 747 
 748 
7489 
 749 
  75 
 750 
 751 
 752 
 753 
 754 
 755 
7559 
 756 
7565 
 757 
7575 
 758 
7589 
 759 
  76 
 760 
 761 
 762 
 763 
 764 
 765 
 766 
 767 
 768 
 769 
  77 
 770 
 771 
 772 
 773 
 774 
 775 
 776 
7762 
 777 
7773 
7775 
 778 
 779 
7791 
  78 
 780 
7804 
 781 
 782 
 783 
 784 
7841 
7843 
 785 
 786 
 787 
 788 
 789 
  79 
 790 
 791 
7919 
 792 
 793 
 794 
 795 
 796 
 797 
 798 
 799 
7999 
   8 
  80 
 800 
 801 
8016 
 802 
 803 
 804 
 805 
8055 
 806 
 807 
 808 
 809 
  81 
 810 
8104 
 811 
8117 
 812 
8124 
 813 
 814 
 815 
 816 
 817 
 818 
 819 
  82 
 820 
 821 
8214 
 822 
 823 
8233 
 824 
 825 
 826 
 827 
 828 
 829 
  83 
 830 
 831 
 832 
 833 
 834 
 835 
 836 
8362 
 837 
8373 
 838 
 839 
  84 
 840 
 841 
 842 
 843 
 844 
 845 
 846 
8468 
 847 
 848 
 849 
  85 
 850 
8501 
 851 
 852 
 853 
 854 
 855 
 856 
 857 
 858 
 859 
  86 
 860 
 861 
 862 
 863 
8635 
 864 
 865 
 866 
 867 
 868 
 869 
  87 
 870 
 871 
 872 
 873 
 874 
 875 
 876 
 877 
 878 
 879 
  88 
 880 
8807 
 881 
 882 
 883 
 884 
 885 
 886 
 887 
 888 
 889 
  89 
 890 
 891 
 892 
 893 
 894 
 895 
 896 
8967 
 897 
 898 
 899 
   9 
  90 
 900 
 901 
9014 
 902 
9024 
 903 
 904 
 905 
 906 
 907 
 908 
 909 
  91 
 910 
 911 
 912 
 913 
 914 
 915 
 916 
 917 
 918 
 919 
  92 
 920 
 921 
 922 
 923 
 924 
 925 
 926 
 927 
 928 
 929 
  93 
 930 
 931 
 932 
 933 
 934 
 935 
 936 
 937 
 938 
 939 
  94 
 940 
 941 
 942 
 943 
 944 
 945 
 946 
 947 
 948 
 949 
  95 
 950 
 951 
9517 
 952 
 953 
 954 
 955 
 956 
9566 
 957 
 958 
 959 
  96 
 960 
 961 
 962 
 963 
 964 
 965 
 966 
 967 
 968 
 969 
  97 
 970 
 971 
 972 
 973 
 974 
 975 
 976 
 977 
 978 
 979 
  98 
 980 
 981 
 982 
 983 
 984 
 985 
 986 
 987 
 988 
 989 
  99 
 990 
 991 
 992 
 993 
 994 
 995 
 996 
9963 
 997 
 998 
 999 
ESOS 
